kinematics:
  shoulder:
    x: 0
    y: 0
    z: 0.1628814275317283
    roll: -0
    pitch: 0
    yaw: -2.062336632398709e-07
  upper_arm:
    x: 0.0001810963239100907
    y: 0
    z: 0
    roll: 1.570558545626794
    pitch: 0
    yaw: -2.327880112666388e-06
  forearm:
    x: -0.4252684954048981
    y: 0
    z: 0
    roll: 0.001222376464761141
    pitch: -0.0004494623672585516
    yaw: -3.0684339576596e-06
  wrist_1:
    x: -0.3922787011774664
    y: -0.001056303455339568
    z: 0.1336578474659473
    roll: 0.007902876521175954
    pitch: 0.0009541113726855
    yaw: -7.990956994946675e-06
  wrist_2:
    x: 8.519350342562735e-05
    y: -0.09982069319421812
    z: 8.274682861463471e-05
    roll: 1.569967372326508
    pitch: 0
    yaw: -1.803621693294158e-06
  wrist_3:
    x: -9.969955671813865e-06
    y: 0.09970560906293445
    z: 6.260733920162009e-05
    roll: 1.571424248649661
    pitch: 3.141592653589793
    yaw: 3.141592614197205
  hash: calib_7241412598601027892